polyline=true
3d=false
1 0.0 0.04795411863457527
1 0.00039279667537249366 0.04699288560684729
1 0.0005731043352934293 0.04656004236013038
1 0.0007254617834146742 0.04620326513610305
1 0.0008671126241484167 0.04588099611796303
1 0.0010048437305608573 0.04557739201053486
1 0.0011422840246377184 0.04528440646675651
1 0.0012817426738955357 0.04499727879080355
1 0.0014248746105896372 0.04471290170968768
1 0.0015729748080104229 0.044429100616859486
1 0.0017271266027062931 0.04414427118240017
1 0.0018882838162762473 0.04385717952681198
1 0.0020573196003227426 0.04356684412755711
1 0.0022350571979233833 0.04327246215687586
1 0.0024222902560198656 0.04297336150737897
1 0.0026197967926383263 0.042668968429591475
1 0.0028283491496164815 0.0423587850591064
1 0.0030487213163384393 0.04204237343151263
1 0.0032816944805528136 0.041719343883064385
1 0.003528061353047123 0.041389346494440614
1 0.003788629625584439 0.04105206469495969
1 0.00406422480437332 0.04070721043220588
1 0.004355692586057844 0.04035452049686608
1 0.004663900893627726 0.03999375371432888
1 0.004989741656264804 0.03962468879656943
1 0.005334132394221321 0.03924712270412842
1 0.005698017653806467 0.03886086940733235
1 0.006082370326180503 0.038465758963844965
1 0.006488192875455941 0.038061636849780985
1 0.006916518495615452 0.037648363496328795
1 0.007368412211325892 0.037225813994714176
1 0.007844971934414472 0.03679387794048092
1 0.008347329485267525 0.036352459394223866
1 0.008876651586500084 0.03590147694061206
1 0.009434140834771086 0.03544086383116487
1 0.010021036655474456 0.03497056819906103
1 0.01063861624413969 0.0344905533364682
1 0.01128819549766847 0.034000798026623015
1 0.01197112993797201 0.033501296924277287
1 0.012688815630124129 0.03299206097923474
1 0.013442690096784008 0.03247311789859578
1 0.014234233230349379 0.03194451264405057
1 0.01506496820406327 0.03140630796115128
1 0.015936462383102083 0.03085858493797561
1 0.016850328236513102 0.0303014435909925
1 0.01780822425073681 0.029735003476268364
1 0.01881185584533987 0.02915940432442631
1 0.019862976291493136 0.028574806697998043
1 0.020963387633652394 0.027981392669999695
1 0.022114941614835515 0.02737936652272317
1 0.0233195406058353 0.026768955465870797
1 0.02457913853866169 0.026150410373275625
1 0.025895741844467877 0.025524006537548286
1 0.02727141039618218 0.02489004444207439
1 0.028708258456038523 0.024248850549858394
1 0.030208455628175142 0.023600778108770842
1 0.031774227816449195 0.02294620797280968
1 0.03340785818759802 0.022285549439031493
1 0.035111688139861666 0.02161924109984816
1 0.036888118277168036 0.020947751710419422
1 0.038739609388970454 0.02027158107090141
1 0.04066868343581747 0.019591260923337687
1 0.04267792454072515 0.018907355863001907
1 0.04476997998641543 0.018220464264022247
1 0.04694756121847642 0.01753121921913402
1 0.049213444854494866 0.016840289493424296
1 0.05157047369920649 0.01614838049194441
1 0.054021557765703714 0.015456235241079775
1 0.05656967530273787 0.014764635383576447
1 0.05921787382814818 0.014074402187134101
1 0.0619692711684475 0.0133863975664827
1 0.06482705650459093 0.012701525118869418
1 0.06779449142395232 0.012020731172887237
1 0.07087491097852942 0.011345005850584278
1 0.07407172474939909 0.010675384142797659
1 0.07738841791743897 0.010012946997660966
1 0.0808285523403338 0.009358822422238436
1 0.08439576763587987 0.008714186597243222
1 0.08809378227160268 0.00808026500480093
1 0.09192639466069953 0.007458333569222295
1 0.0958974842643187 0.006849719810752148
1 0.10001101270018628 0.006255804012264431
1 0.1042710248575893 0.005678020398876006
1 0.10868165001872573 0.005117858330452592
1 0.11324710298642769 0.004576863506984173
1 0.1179716852182668 0.004056639186807638
1 0.1228597859670481 0.0035588474176567065
1 0.12791588342769922 0.00308521028052014
1 0.13314454589056068 0.0026375111462916684
1 0.13855043290108238 0.002217595945195113
1 0.14413829642593265 0.0018273744489700739
1 0.14991298202552342 0.0014688215658042493
1 0.15587943003295635 0.0011439786480007149
1 0.1620426767393943 0.0008549548123660062
1 0.16840785558586133 0.0006039282733102388
1 0.1749801983614761 0.00039314768864848334
1 0.18176503640811967 0.00022493351809231677
1 0.18876780183154426 0.00010167939442463057
1 0.19599402871892205 2.585350734815955e-05
1 0.20344935436283923 0.0
